 z[m] p[mb] tls[K/s] qls[kg/kg/s] uls vls wls[m/s]
  0.0,  64,   1006.91   day,levels,pres0
    25.000   1004.045 -2.538752e-07  4.767654e-09      0.000      0.000     -0.001
    75.000    998.333 -1.484189e-05  6.522762e-08      0.000      0.000     -0.002
   127.848    992.320 -1.807173e-05  2.392449e-08      0.000      0.000     -0.004
   186.717    985.654 -1.921873e-05 -1.489912e-08      0.000      0.000     -0.006
   252.292    978.267 -1.826949e-05 -2.554789e-08      0.000      0.000     -0.008
   325.338    970.085 -1.529020e-05 -1.111586e-08      0.000      0.000     -0.010
   406.706    961.031 -1.529396e-05  7.772035e-09      0.000      0.000     -0.013
   497.343    951.018 -2.353407e-05  3.503642e-08      0.000      0.000     -0.015
   598.306    939.956 -3.972700e-05  7.130169e-08      0.000      0.000     -0.018
   710.772    927.749 -6.624331e-05  1.020764e-07      0.000      0.000     -0.021
   836.049    914.295 -9.151811e-05  1.170460e-07      0.000      0.000     -0.025
   975.599    899.491 -1.076533e-04  1.126871e-07      0.000      0.000     -0.028
  1131.047    883.226 -1.178175e-04  1.038864e-07      0.000      0.000     -0.030
  1304.204    865.386 -1.221721e-04  9.357258e-08      0.000      0.000     -0.032
  1497.089    845.858 -1.197807e-04  8.331919e-08      0.000      0.000     -0.032
  1711.947    824.525 -1.112935e-04  7.084820e-08      0.000      0.000     -0.031
  1951.282    801.277 -9.868851e-05  5.902413e-08      0.000      0.000     -0.028
  2217.884    776.008 -7.638997e-05  4.352065e-08      0.000      0.000     -0.022
  2514.858    748.630 -4.299844e-05  2.378677e-08      0.000      0.000     -0.014
  2845.665    719.066 -2.497230e-07  1.073824e-09      0.000      0.000     -0.003
  3214.158    687.263  4.569641e-05 -2.150156e-08      0.000      0.000      0.009
  3624.632    653.195  8.480041e-05 -3.984991e-08      0.000      0.000      0.020
  4081.868    616.879  1.061786e-04 -4.649951e-08      0.000      0.000      0.026
  4581.868    579.069  9.646944e-05 -3.797088e-08      0.000      0.000      0.026
  5081.868    543.160  6.173951e-05 -2.102860e-08      0.000      0.000      0.017
  5581.868    509.059  1.676072e-05 -3.632936e-09      0.000      0.000      0.004
  6081.868    476.689 -2.734922e-05  1.025007e-08      0.000      0.000     -0.011
  6581.868    445.978 -5.778525e-05  1.760331e-08      0.000      0.000     -0.023
  7081.868    416.846 -6.683306e-05  1.780731e-08      0.000      0.000     -0.031
  7581.868    389.217 -6.090068e-05  1.408405e-08      0.000      0.000     -0.034
  8081.868    363.017 -4.710267e-05  9.841910e-09      0.000      0.000     -0.032
  8581.868    338.180 -3.005774e-05  5.812893e-09      0.000      0.000     -0.026
  9081.868    314.645 -1.368344e-05  2.833872e-09      0.000      0.000     -0.018
  9581.868    292.355 -1.377931e-06  9.643832e-10      0.000      0.000     -0.009
 10081.868    271.255  7.026363e-06 -4.390484e-11      0.000      0.000      0.001
 10581.868    251.299  1.282362e-05 -4.895237e-10      0.000      0.000      0.009
 11081.868    232.441  1.865900e-05 -6.153198e-10      0.000      0.000      0.017
 11581.868    214.647  2.765527e-05 -5.573926e-10      0.000      0.000      0.024
 12081.868    197.883  4.307749e-05 -3.788938e-10      0.000      0.000      0.028
 12581.868    182.128  6.076493e-05 -1.710767e-10      0.000      0.000      0.028
 13081.868    167.361  7.425623e-05 -4.531916e-11      0.000      0.000      0.024
 13581.868    153.568  6.268212e-05 -3.791864e-12      0.000      0.000      0.014
 14081.868    140.754 -5.328114e-06 -2.322803e-13      0.000      0.000     -0.001
 14581.868    128.911 -1.277945e-04 -6.641554e-12      0.000      0.000     -0.015
 15081.868    118.025 -1.968994e-04 -8.359104e-12      0.000      0.000     -0.019
 15581.868    108.075 -8.965951e-05 -3.347535e-12      0.000      0.000     -0.008
 16081.868     98.997  1.106692e-04  4.247921e-12      0.000      0.000      0.010
 16581.867     90.714  2.163623e-04  8.726362e-12      0.000      0.000      0.019
 17081.867     83.152  1.355931e-04  5.250508e-12      0.000      0.000      0.012
 17581.867     76.248 -6.232644e-05 -1.359838e-12      0.000      0.000     -0.006
 18081.867     69.941 -2.039964e-04 -6.997772e-13      0.000      0.000     -0.018
 18581.867     64.177 -1.874603e-04 -3.310858e-15      0.000      0.000     -0.016
 19081.867     58.917  1.760343e-05 -1.913562e-14      0.000      0.000      0.001
 19581.867     54.125  2.204819e-04 -1.483347e-12      0.000      0.000      0.017
 20081.867     49.756  2.025759e-04 -2.921431e-12      0.000      0.000      0.016
 20590.055     45.706 -1.369596e-05  3.591849e-13      0.000      0.000     -0.001
 21149.061     41.653 -2.124636e-04  1.037488e-11      0.000      0.000     -0.018
 21763.967     37.631 -1.681177e-04  1.284634e-11      0.000      0.000     -0.013
 22440.363     33.686  1.660683e-04 -1.731787e-11      0.000      0.000      0.012
 23184.400     29.869  2.001372e-04 -1.231972e-11      0.000      0.000      0.015
 24002.840     26.213 -2.104420e-04  9.115145e-13      0.000      0.000     -0.017
 24903.123     22.740 -9.300634e-05  1.758403e-14      0.000      0.000     -0.007
 25893.436     19.486  3.195730e-04 -2.131121e-14      0.000      0.000      0.025
 26982.779     16.421 -2.666408e-04  9.820982e-15      0.000      0.000     -0.021
 1000.0,  64,   1006.91   day,levels,pres0
    25.000   1004.045 -2.538752e-07  4.767654e-09      0.000      0.000     -0.001
    75.000    998.333 -1.484189e-05  6.522762e-08      0.000      0.000     -0.002
   127.848    992.320 -1.807173e-05  2.392449e-08      0.000      0.000     -0.004
   186.717    985.654 -1.921873e-05 -1.489912e-08      0.000      0.000     -0.006
   252.292    978.267 -1.826949e-05 -2.554789e-08      0.000      0.000     -0.008
   325.338    970.085 -1.529020e-05 -1.111586e-08      0.000      0.000     -0.010
   406.706    961.031 -1.529396e-05  7.772035e-09      0.000      0.000     -0.013
   497.343    951.018 -2.353407e-05  3.503642e-08      0.000      0.000     -0.015
   598.306    939.956 -3.972700e-05  7.130169e-08      0.000      0.000     -0.018
   710.772    927.749 -6.624331e-05  1.020764e-07      0.000      0.000     -0.021
   836.049    914.295 -9.151811e-05  1.170460e-07      0.000      0.000     -0.025
   975.599    899.491 -1.076533e-04  1.126871e-07      0.000      0.000     -0.028
  1131.047    883.226 -1.178175e-04  1.038864e-07      0.000      0.000     -0.030
  1304.204    865.386 -1.221721e-04  9.357258e-08      0.000      0.000     -0.032
  1497.089    845.858 -1.197807e-04  8.331919e-08      0.000      0.000     -0.032
  1711.947    824.525 -1.112935e-04  7.084820e-08      0.000      0.000     -0.031
  1951.282    801.277 -9.868851e-05  5.902413e-08      0.000      0.000     -0.028
  2217.884    776.008 -7.638997e-05  4.352065e-08      0.000      0.000     -0.022
  2514.858    748.630 -4.299844e-05  2.378677e-08      0.000      0.000     -0.014
  2845.665    719.066 -2.497230e-07  1.073824e-09      0.000      0.000     -0.003
  3214.158    687.263  4.569641e-05 -2.150156e-08      0.000      0.000      0.009
  3624.632    653.195  8.480041e-05 -3.984991e-08      0.000      0.000      0.020
  4081.868    616.879  1.061786e-04 -4.649951e-08      0.000      0.000      0.026
  4581.868    579.069  9.646944e-05 -3.797088e-08      0.000      0.000      0.026
  5081.868    543.160  6.173951e-05 -2.102860e-08      0.000      0.000      0.017
  5581.868    509.059  1.676072e-05 -3.632936e-09      0.000      0.000      0.004
  6081.868    476.689 -2.734922e-05  1.025007e-08      0.000      0.000     -0.011
  6581.868    445.978 -5.778525e-05  1.760331e-08      0.000      0.000     -0.023
  7081.868    416.846 -6.683306e-05  1.780731e-08      0.000      0.000     -0.031
  7581.868    389.217 -6.090068e-05  1.408405e-08      0.000      0.000     -0.034
  8081.868    363.017 -4.710267e-05  9.841910e-09      0.000      0.000     -0.032
  8581.868    338.180 -3.005774e-05  5.812893e-09      0.000      0.000     -0.026
  9081.868    314.645 -1.368344e-05  2.833872e-09      0.000      0.000     -0.018
  9581.868    292.355 -1.377931e-06  9.643832e-10      0.000      0.000     -0.009
 10081.868    271.255  7.026363e-06 -4.390484e-11      0.000      0.000      0.001
 10581.868    251.299  1.282362e-05 -4.895237e-10      0.000      0.000      0.009
 11081.868    232.441  1.865900e-05 -6.153198e-10      0.000      0.000      0.017
 11581.868    214.647  2.765527e-05 -5.573926e-10      0.000      0.000      0.024
 12081.868    197.883  4.307749e-05 -3.788938e-10      0.000      0.000      0.028
 12581.868    182.128  6.076493e-05 -1.710767e-10      0.000      0.000      0.028
 13081.868    167.361  7.425623e-05 -4.531916e-11      0.000      0.000      0.024
 13581.868    153.568  6.268212e-05 -3.791864e-12      0.000      0.000      0.014
 14081.868    140.754 -5.328114e-06 -2.322803e-13      0.000      0.000     -0.001
 14581.868    128.911 -1.277945e-04 -6.641554e-12      0.000      0.000     -0.015
 15081.868    118.025 -1.968994e-04 -8.359104e-12      0.000      0.000     -0.019
 15581.868    108.075 -8.965951e-05 -3.347535e-12      0.000      0.000     -0.008
 16081.868     98.997  1.106692e-04  4.247921e-12      0.000      0.000      0.010
 16581.867     90.714  2.163623e-04  8.726362e-12      0.000      0.000      0.019
 17081.867     83.152  1.355931e-04  5.250508e-12      0.000      0.000      0.012
 17581.867     76.248 -6.232644e-05 -1.359838e-12      0.000      0.000     -0.006
 18081.867     69.941 -2.039964e-04 -6.997772e-13      0.000      0.000     -0.018
 18581.867     64.177 -1.874603e-04 -3.310858e-15      0.000      0.000     -0.016
 19081.867     58.917  1.760343e-05 -1.913562e-14      0.000      0.000      0.001
 19581.867     54.125  2.204819e-04 -1.483347e-12      0.000      0.000      0.017
 20081.867     49.756  2.025759e-04 -2.921431e-12      0.000      0.000      0.016
 20590.055     45.706 -1.369596e-05  3.591849e-13      0.000      0.000     -0.001
 21149.061     41.653 -2.124636e-04  1.037488e-11      0.000      0.000     -0.018
 21763.967     37.631 -1.681177e-04  1.284634e-11      0.000      0.000     -0.013
 22440.363     33.686  1.660683e-04 -1.731787e-11      0.000      0.000      0.012
 23184.400     29.869  2.001372e-04 -1.231972e-11      0.000      0.000      0.015
 24002.840     26.213 -2.104420e-04  9.115145e-13      0.000      0.000     -0.017
 24903.123     22.740 -9.300634e-05  1.758403e-14      0.000      0.000     -0.007
 25893.436     19.486  3.195730e-04 -2.131121e-14      0.000      0.000      0.025
 26982.779     16.421 -2.666408e-04  9.820982e-15      0.000      0.000     -0.021
