  z[m] (dt/dt)rad [K/s]
  0.0,  64   day,levels
    25.000   1.402973e-05
    75.000  -6.187739e-06
   127.848  -1.240479e-05
   186.717  -1.359989e-05
   252.292  -1.402267e-05
   325.338  -1.379621e-05
   406.706  -1.329272e-05
   497.343  -1.252886e-05
   598.306  -1.217901e-05
   710.772  -1.401067e-05
   836.049  -1.495788e-05
   975.599  -1.430556e-05
  1131.047  -1.311591e-05
  1304.204  -1.199579e-05
  1497.089  -1.101294e-05
  1711.947  -1.011919e-05
  1951.282  -9.378360e-06
  2217.884  -8.899263e-06
  2514.858  -8.831426e-06
  2845.665  -9.133789e-06
  3214.158  -9.795567e-06
  3624.632  -1.091570e-05
  4081.868  -1.238803e-05
  4581.868  -1.331380e-05
  5081.868  -1.419597e-05
  5581.868  -1.442627e-05
  6081.868  -1.445073e-05
  6581.868  -1.452533e-05
  7081.868  -1.429616e-05
  7581.868  -1.368089e-05
  8081.868  -1.321394e-05
  8581.868  -1.181109e-05
  9081.868  -1.041507e-05
  9581.868  -9.476849e-06
 10081.868  -9.091581e-06
 10581.868  -9.371606e-06
 11081.868  -9.146064e-06
 11581.868  -7.760178e-06
 12081.868  -4.488523e-06
 12581.868  -1.835638e-06
 13081.868   2.136471e-07
 13581.868   1.593811e-06
 14081.868   2.417107e-06
 14581.868   2.627221e-06
 15081.868   2.136795e-06
 15581.868   1.373785e-06
 16081.868   9.123804e-07
 16581.867   1.691867e-07
 17081.867   4.056263e-07
 17581.867   1.795264e-07
 18081.867   1.294467e-06
 18581.867   1.942897e-06
 19081.867   1.381047e-06
 19581.867   5.476746e-07
 20081.867  -4.500425e-07
 20590.055  -1.128341e-06
 21149.061  -6.010601e-07
 21763.967   3.344078e-07
 22440.363   3.839621e-07
 23184.400   4.136945e-07
 24002.840  -3.582658e-07
 24903.123  -7.655819e-07
 25893.436  -8.841469e-06
 26982.779   1.011720e-05
 1000.0,  64   day,levels
    25.000   1.402973e-05
    75.000  -6.187739e-06
   127.848  -1.240479e-05
   186.717  -1.359989e-05
   252.292  -1.402267e-05
   325.338  -1.379621e-05
   406.706  -1.329272e-05
   497.343  -1.252886e-05
   598.306  -1.217901e-05
   710.772  -1.401067e-05
   836.049  -1.495788e-05
   975.599  -1.430556e-05
  1131.047  -1.311591e-05
  1304.204  -1.199579e-05
  1497.089  -1.101294e-05
  1711.947  -1.011919e-05
  1951.282  -9.378360e-06
  2217.884  -8.899263e-06
  2514.858  -8.831426e-06
  2845.665  -9.133789e-06
  3214.158  -9.795567e-06
  3624.632  -1.091570e-05
  4081.868  -1.238803e-05
  4581.868  -1.331380e-05
  5081.868  -1.419597e-05
  5581.868  -1.442627e-05
  6081.868  -1.445073e-05
  6581.868  -1.452533e-05
  7081.868  -1.429616e-05
  7581.868  -1.368089e-05
  8081.868  -1.321394e-05
  8581.868  -1.181109e-05
  9081.868  -1.041507e-05
  9581.868  -9.476849e-06
 10081.868  -9.091581e-06
 10581.868  -9.371606e-06
 11081.868  -9.146064e-06
 11581.868  -7.760178e-06
 12081.868  -4.488523e-06
 12581.868  -1.835638e-06
 13081.868   2.136471e-07
 13581.868   1.593811e-06
 14081.868   2.417107e-06
 14581.868   2.627221e-06
 15081.868   2.136795e-06
 15581.868   1.373785e-06
 16081.868   9.123804e-07
 16581.867   1.691867e-07
 17081.867   4.056263e-07
 17581.867   1.795264e-07
 18081.867   1.294467e-06
 18581.867   1.942897e-06
 19081.867   1.381047e-06
 19581.867   5.476746e-07
 20081.867  -4.500425e-07
 20590.055  -1.128341e-06
 21149.061  -6.010601e-07
 21763.967   3.344078e-07
 22440.363   3.839621e-07
 23184.400   4.136945e-07
 24002.840  -3.582658e-07
 24903.123  -7.655819e-07
 25893.436  -8.841469e-06
 26982.779   1.011720e-05
